[gd_scene load_steps=7 format=2]

[ext_resource path="res://main/world/level/Level.tscn" type="PackedScene" id=1]
[ext_resource path="res://main/world/level/one/Arena.obj" type="ArrayMesh" id=2]

[sub_resource type="CubeMesh" id=1]

[sub_resource type="PlaneMesh" id=2]

[sub_resource type="SpatialMaterial" id=3]
flags_unshaded = true

[sub_resource type="Animation" id=4]
resource_name = "flicker"

[node name="LevelOne" instance=ExtResource( 1 )]

[node name="SceneMesh" parent="." index="0"]
mesh = null

[node name="Boxes" type="Spatial" parent="SceneMesh" index="0"]
transform = Transform( 1.5, 0, -2.84217e-14, 0, 1.5, 0, 2.84217e-14, 0, 1.5, 0, 0.986308, 0 )

[node name="MeshInstance" type="MeshInstance" parent="SceneMesh/Boxes" index="0"]
transform = Transform( 0.952969, 0, -0.303069, 0, 1, 0, 0.303069, 0, 0.952969, -2.70567e-07, -1.07926, -6.18985 )
mesh = SubResource( 1 )
skeleton = NodePath("../..")
material/0 = null

[node name="MeshInstance3" type="MeshInstance" parent="SceneMesh/Boxes" index="1"]
transform = Transform( 0.924819, 0, 0.380409, 0, 1, 0, -0.380409, 0, 0.924819, -2.1394, -1.07926, -4.63593 )
mesh = SubResource( 1 )
skeleton = NodePath("../..")
material/0 = null

[node name="MeshInstance4" type="MeshInstance" parent="SceneMesh/Boxes" index="2"]
transform = Transform( 0.20757, 0, 0.97822, 0, 1, 0, -0.97822, 0, 0.20757, -2.1394, -1.07926, -7.23914 )
mesh = SubResource( 1 )
skeleton = NodePath("../..")
material/0 = null

[node name="MeshInstance5" type="MeshInstance" parent="SceneMesh/Boxes" index="3"]
transform = Transform( 0.20757, 0, 0.97822, 0, 1, 0, -0.97822, 0, 0.20757, -1.27703, 0.82326, -6.14819 )
mesh = SubResource( 1 )
skeleton = NodePath("../..")
material/0 = null

[node name="MeshInstance6" type="MeshInstance" parent="SceneMesh/Boxes" index="4"]
transform = Transform( 0.763492, 0, 0.645818, 0, 1, 0, -0.645818, 0, 0.763492, -5.11433, -1.07926, 4.65773 )
mesh = SubResource( 1 )
skeleton = NodePath("../..")
material/0 = null

[node name="MeshInstance7" type="MeshInstance" parent="SceneMesh/Boxes" index="5"]
transform = Transform( 0.169728, 0, 0.985491, 0, 1, 0, -0.985491, 0, 0.169728, -4.48754, -1.07926, 7.2959 )
mesh = SubResource( 1 )
skeleton = NodePath("../..")
material/0 = null

[node name="MeshInstance8" type="MeshInstance" parent="SceneMesh/Boxes" index="6"]
transform = Transform( -0.717994, 0, 0.69605, 0, 1, 0, -0.69605, 0, -0.717994, -7.14076, -1.07926, 5.91137 )
mesh = SubResource( 1 )
skeleton = NodePath("../..")
material/0 = null

[node name="MeshInstance9" type="MeshInstance" parent="SceneMesh/Boxes" index="7"]
transform = Transform( -0.717994, 0, 0.69605, 0, 1, 0, -0.69605, 0, -0.717994, -5.56138, 0.82326, 5.76132 )
mesh = SubResource( 1 )
skeleton = NodePath("../..")
material/0 = null

[node name="MeshInstance10" type="MeshInstance" parent="SceneMesh/Boxes" index="8"]
transform = Transform( -0.717994, 0, 0.69605, 0, 1, 0, -0.69605, 0, -0.717994, 2.41873, -1.16473, 5.22284 )
mesh = SubResource( 1 )
skeleton = NodePath("../..")
material/0 = null

[node name="Warehouse" type="MeshInstance" parent="SceneMesh" index="1"]
transform = Transform( 1.5, 0, -1.06581e-14, 0, 1.5, 0, 1.06581e-14, 0, 1.5, 0, -2.03356, 0 )
mesh = ExtResource( 2 )
material/0 = null

[node name="MeshInstance" type="MeshInstance" parent="SceneMesh" index="2"]
transform = Transform( -1.84063e-06, 1, 0, -42.1087, -4.37114e-08, 0, -2.03288e-20, 1.77636e-14, 44.0499, -39.9831, 0, 1.74772e-06 )
mesh = SubResource( 2 )
material/0 = SubResource( 3 )

[node name="MeshInstance2" type="MeshInstance" parent="SceneMesh" index="3"]
transform = Transform( 8.04565e-14, -4.37114e-08, 44.0499, -42.1087, -4.37114e-08, 0, 1.84063e-06, -1, -1.92548e-06, -1.82415, 0, 43.4472 )
mesh = SubResource( 2 )
material/0 = SubResource( 3 )

[node name="MeshInstance3" type="MeshInstance" parent="SceneMesh" index="4"]
transform = Transform( 8.04565e-14, 4.37114e-08, 44.0499, 42.1087, -4.37114e-08, 0, 1.84063e-06, 1, -1.92548e-06, -1.82416, 0, -43.6893 )
mesh = SubResource( 2 )
material/0 = SubResource( 3 )

[node name="OmniLight" type="OmniLight" parent="Lights" index="0"]
transform = Transform( 1, 0, 0, 0, 1, 0, 0, 0, 1, 0.964387, 0.914634, -0.760868 )
light_energy = 128.0
omni_range = 2.0
omni_attenuation = 1e-05

[node name="AnimationPlayer" type="AnimationPlayer" parent="Lights/OmniLight" index="0"]
anims/flicker = SubResource( 4 )

[node name="OmniLight2" type="OmniLight" parent="Lights" index="1"]
transform = Transform( 1, 0, 0, 0, 1, 0, 0, 0, 1, -1.10969, 0.914634, -2.30555 )
light_energy = 128.0
omni_range = 2.0
omni_attenuation = 1e-05

[node name="AnimationPlayer" type="AnimationPlayer" parent="Lights/OmniLight2" index="0"]

[node name="Main" type="Spatial" parent="EnemyPaths" index="0"]

[node name="1" type="Position3D" parent="EnemyPaths/Main" index="0"]
transform = Transform( 1, 0, 0, 0, 1, 0, 0, 0, 1, -0.716879, 0, -7.07607 )

[node name="2" type="Position3D" parent="EnemyPaths/Main" index="1"]
transform = Transform( 1, 0, 0, 0, 1, 0, 0, 0, 1, -1.54702, 0, -4.3693 )

[node name="3" type="Position3D" parent="EnemyPaths/Main" index="2"]
transform = Transform( 1, 0, 0, 0, 1, 0, 0, 0, 1, 0.782759, 0, -0.537018 )

[node name="4" type="Position3D" parent="EnemyPaths/Main" index="3"]
transform = Transform( 1, 0, 0, 0, 1, 0, 0, 0, 1, -2.06042, 0, 2.87013 )
